1
nan
4
7.33333
12.35
16.7846
29.4322
38.1106
52.2751
80.2071
107.202
152.286
194.702
227.218
296.86
389.875
400.154
534.882
614.801
789.339
908.698
992.047
1159.18
1433.28
1377.74
1742.5
1682.15
1758.9
2084.69
2177.21
2445.52
2434.18
3114.3
2848.74
3010.08
3660.61
3336.44
3736.29
3695.14
3791.89
4187.17
4145.6
4416.45
5073.87
4840.81
4573.17
5373.3
5283.05
5010.05
4596.54
6177.59
5309.59
5258.81
5519.59
6221.76
5890.15
6679.41
5936.76
5991.38
5865.48
5958.15
5727.02
6735.85
6246.45
6184.39
6050.79
5688.44
5701.61
5957.03
6385.74
6340.01
5780.1
6152.73
6278.37
6523.3
6520.85
6695.9
6043.84
5747.31
6072.13
5753.3
5776.59
6065.07
6057.31
6225.99
5918.39
6332.6
5900.29
6123.15
5523.85
5540.82
6326.29
6014.46
5559.45
5831.75
5589.25
5646.27
5753.57
5574.22
5629.73
5835.91
5649.51
5343.15
4929.79
5410.26
4908.63
5145.1
5319.34
5400.64
5078.37
5046.79
4766.39
4948.37
5147.65
4852.51
4887.93
4846.8
4678.23
4796.42
4435.45
4752.48
4701.7
4423.75
4852.23
4679.59
4486.7
4379.56
4501.92
4628.36
4419.53
4070.83
4194.08
4147.58
4333.3
4266.48
4374.65
4184.54
3991.55
4075.5
4003.57
3996.34
3954.51
3915.14
3732.12
3753.48
3718.78
3582.95
3645.01
3746.7
3762.43
3682.9
3533.54
3609.49
3515.74
3433.43
3513.61
3390.37
3284.12
3252.6
3203.9
3334.49
3076
3193.19
3088.6
3263.37
3222.05
3048.03
3115.32
3019.02
2920.31
2962.44
2960.64
2975.2
2982.68
2804.01
2903.27
2858.56
2675.23
2811.14
2764.45
2684.53
2767.96
2653.96
2632.34
2643.43
2643.14
2697.54
2719.06
2479.7
2428.2
2525.28
2623.04
2409.33
2482.12
2437.86
2441.23
2354.03
2408.95
2453.33
2338.09
2330.57
2328.45
2164.41
2301
2134.94
2151.44
2206.95
2174.01
2189.24
2168.68
2127.56
2118.79
2136.84
2081.97
2100.4
2078.69
2063.62
2005.01
2007.77
2067.14
2034.95
1932.89
1929.37
1945.63
1948.18
1922.72
1951.03
1863.77
1877.47
1834.85
1808.65
1900.13
1862.16
1809.63
1803.34
1761.28
1761.14
1830.11
1763.67
1730.01
1658.61
1717.08
1717.22
1720.8
1643.21
1685.34
1650.44
1680.27
1591.85
1591.15
1607.12
1656.32
1607.96
1576.8
1513.22
1528.3
1572.12
1520.2
1445.64
1478.85
1470.57
1491.33
1491.3
1513.49
1406.96
1435.7
1409.71
1411.6
1395.25
1373.76
1374.62
1389.03
1381.58
1392.7
1316.03
1303.02
1342.12
1314.22
1291.87
1314.77
1269.24
1268.66
1308.76
1291.34
1253.9
1263.94
1303.15
1246.97
1230
1200.9
1200.44
1187.01
1218.56
1210.36
1221.54
1159.22
1165.95
1169.22
1185.01
1114.96
1163.95
1117.9
1134.27
1126.62
1138.31
1088.24
1081.21
1119.52
1039.49
1069.94
1090.45
1096.21
1075.09
1036.92
1046.96
1073.1
1042.62
1028.73
1030.9
1009.28
1021.1
1022.29
998.688
995.274
985.047
990.07
960.736
984.831
975.941
947.311
979.27
943.469
912.575
943.795
894.837
941.098
921.845
910.659
902.897
947.59
926.102
918.995
910.393
890.592
902.193
873.895
877.184
869.216
880.84
869.892
855.472
871.631
854.853
857.698
859.002
840.045
835.957
847.526
809.306
801.169
816.146
797.917
793.934
826.972
785.413
787.566
784.888
785.447
766.059
792.47
799.177
780.681
760.501
761.698
736.915
759.525
736.196
750.158
732.6
743.561
742.502
733.947
721.426
724.237
721.044
711.095
729.274
702.19
704.409
698.04
716.48
702.885
695.015
691.543
670.889
690.913
681.733
675.57
683.298
685.843
659.48
681.527
661.742
650.95
650.785
654.543
659.722
648.758
631.538
650.891
647.582
649.227
631.187
624.935
619.389
625.153
615.92
611.781
629.017
607.895
615.397
603.111
609.014
604.123
602.542
568.477
589.789
593.27
589.897
585.488
590.244
585.363
566.395
575.756
577.474
582.508
571.182
566.877
565.286
556.245
556.574
548.467
558.252
552.365
543.024
549.975
546.848
547.479
537.023
536.58
516.579
534.986
539.726
525.699
532
523.792
518.531
525.121
519.064
510.65
514.08
507.477
505.663
507.442
492.07
494.982
489.513
484.298
487.141
495.659
485.895
495.326
482.272
470.639
485.422
483.903
472.425
462.748
466.868
469.481
475.121
458.212
457.878
464.132
460.528
453.123
449.592
457.061
448.628
452.341
454.791
441.157
442.951
447.019
434.587
442.554
439.426
443.95
432.581
431.194
433.956
432.101
426.318
428.834
426.699
420.582
427.863
424.112
421.387
418.341
408.971
412.781
403.477
416.101
413.893
403.85
410.296
402.949
394.723
387.315
397.984
403.395
388.302
395.885
389.117
391.071
387.015
386.72
388.959
387.245
381.841
380.496
386.642
373.181
374.297
373.993
376.851
379.455
367.461
375.306
365.524
370.754
369.591
362.958
362.562
364.223
356.244
369.404
358.907
360.982
353.055
352.827
345.043
351.728
348.271
344.846
345.163
347.276
340.174
345.973
339.851
348.634
345.473
339.138
344.445
331.972
333.802
341.716
329.719
329.487
327.983
329.185
324.155
331.942
325.772
323.649
323.97
325.444
324.706
319.782
315.67
317.074
314.753
319.833
306.552
313.236
314.879
307.449
313.218
301.086
306.599
314.009
308.537
302.187
310.716
305.345
304.971
295.804
296.282
299.679
294.626
294.903
299.053
298.187
299.856
291.127
290.17
290.265
292.998
288.931
287.053
290.061
284.702
285.598
285.954
286.723
280.344
279.445
275.022
279.343
276.513
274.91
274.228
275.09
275.424
270.637
272.1
271.477
268.929
266.956
273.585
268.053
262.016
269.689
262.714
261.596
255.379
260.362
260.771
259.821
254.43
264.157
259.109
260.744
261.226
255.236
252.989
252.138
252.09
247.518
253.162
245.762
257.101
252.045
244.886
249.957
247.98
248.469
244.918
243.339
243.363
243.225
244.925
245.856
237.301
237.416
233.506
238.859
231.46
233.432
235.763
235.742
233.95
231.73
230.109
233.357
233.972
232.275
228.044
228.739
227.899
226.637
227.859
225.654
225.897
229.086
225.566
220.587
222.842
224.805
220.502
220.806
218.677
217.669
219.774
219.433
216.024
215.938
215.509
215.643
214.767
214.168
210.837
212.689
211.997
211.957
208.843
208.861
206.007
208.8
204.584
207.434
208.294
206.93
204.927
204.306
204.375
205.661
203.779
200.721
202.281
198.493
202.659
196.792
199.353
197.937
197.756
198.559
193.907
194.972
194.196
194.137
194.328
194.692
192.138
194.515
193.224
190.898
191.465
189.035
190.56
190.592
191.091
189.357
188.556
187.879
189.143
186.363
183.375
184.411
185.134
183.52
185.177
182.336
181.322
178.616
180.829
182.826
178.129
182.894
179.068
178.529
178.785
179.363
177.726
178.319
175.676
175.076
173.195
175.829
177.36
173.448
173.113
172.76
170.856
171.327
171.528
171.867
171.739
170.457
166.851
168.236
167.694
168.876
166.451
165.143
165.59
168.054
165.096
166.426
163.785
165.012
163.017
163.594
162.891
163.802
163.607
161.15
160.815
159.442
159.881
160.376
161.615
156.257
158.096
159.43
156.424
158.762
156.441
153.844
156.088
153.598
153.685
155.048
153.281
155.663
152.965
152.032
153.878
150.727
151.543
150.929
149.715
150.06
151.446
150.266
150.18
148.575
147.976
149.633
147.503
148.58
147.587
146.59
146.855
145.158
145.663
145.796
144.548
145.974
141.3
144.492
144.305
143.691
143.488
143.594
141.916
142.377
140.943
141.201
138.828
140.323
139.225
139.877
139.46
135.921
140.31
137.934
136.184
137.69
134.951
135.528
136.347
135.097
135.605
134.665
133.842
133.43
133.467
131.635
132.701
132.346
131.91
132.288
132.312
132.321
131.356
129.349
130.779
129.357
129.68
128.552
126.939
128.528
128.142
126.958
127.869
126.224
127.116
126.599
125.496
125.503
124.388
124.023
124.476
124.325
123.062
123.787
123.339
123.649
120.706
121.811
121.591
122.13
120.909
119.842
119.525
119.316
119.289
118.494
117.929
118.631
118.4
116.532
118.063
118.38
117.154
115.646
115.076
116.237
114.707
115.332
114.792
113.722
112.54
113.779
114.163
113.195
112.271
111.154
112.123
111.067
111.257
109.953
111.716
109.233
110.241
110.281
109.634
109.778
107.867
109.659
108.169
109.152
107.422
107.783
107.098
107.085
105.597
106.17
106.542
105.927
105.136
104.418
104.759
104.506
103.415
102.599
103.339
103.771
103.335
103.358
100.847
102.452
101.275
101.284
101.553
100.687
101.039
99.9329
100.048
99.638
98.6397
99.1372
99.2585
98.5026
98.2921
98.717
98.4552
97.2396
96.9229
97.2636
96.5395
97.8649
95.7628
95.5477
96.5266
95.9277
95.6208
94.9976
94.6214
94.7506
95.2392
94.2336
94.3179
94.4838
93.817
93.7625
93.3897
93.2139
92.8665
91.8643
91.8889
92.4093
92.609
92.2104
92.4141
90.8435
91.0659
90.8614
90.6205
89.4237
90.6651
89.7059
89.653
90.5302
90.2566
89.121
89.0907
88.4748
89.6659
88.1515
88.787
88.0786
88.0485
88.0946
88.6337
87.8684
87.5066
86.9834
87.4774
86.9084
86.7089
86.2704
86.3099
86.2763
85.944
86.3632
85.327
86.3455
85.7481
85.6561
85.9477
84.9218
84.8863
84.6835
85.2264
84.7533
84.8552
84.5496
84.0917
83.7855
84.6478
83.4491
83.3528
83.665
84.0133
83.1375
82.938
83.6074
83.2458
82.8897
82.5812
82.4482
82.3636
81.8168
82.0867
82.2992
82.0282
81.6586
81.1501
80.6112
81.4566
81.6548
81.1392
80.949
80.2523
79.9902
79.9281
80.7059
79.9481
79.7642
79.9902
79.1709
79.3922
78.8809
78.7701
79.3476
78.442
78.4273
77.7712
78.3069
77.7932
77.9653
78.45
77.1051
77.4442
77.2647
76.9412
77.0049
76.1691
76.4679
76.1907
75.8205
75.8816
76.0388
75.3458
75.2836
75.0777
74.2916
73.4403
74.2296
73.9871
73.6452
73.1101
72.8059
73.2734
72.861
72.114
71.939
71.988
71.5042
70.8934
71.1348
70.8138
70.6201
70.0113
70.0752
69.4571
69.1792
69.3075
68.399
68.3134
67.8787
67.2506
66.9594
67.0246
66.6039
66.1125
65.7519
65.5368
64.9458
64.6189
64.1548
63.9512
63.1077
63.1327
62.695
62.5439
62.0026
61.769
60.9236
60.8337
60.4235
60.0869
59.0627
58.8564
58.7129
57.9282
57.5954
57.0303
56.4842
56.81
55.6334
55.6932
55.0167
54.4761
54.0973
53.9943
53.3907
52.8174
52.4949
52.1095
51.5881
51.1467
50.6361
50.1626
49.6259
49.3079
48.7593
48.3681
48.0449
47.5749
47.0475
46.691
46.5082
45.9361
45.6163
45.3113
44.9362
44.4326
44.296
43.9758
43.8564
43.2287
42.9694
42.7248
42.4663
42.2295
42.1469
42.0397
41.9089
41.5369
41.7573
41.5444
41.6391
41.3051
41.4819
41.609
41.9377
41.7402
42.0216
42.2518
42.4567
42.8347
43.2485
43.4897
44.03
44.5415
45.1727
45.9219
46.44
47.1667
48
49
50
