1
2
3.64835
6.03202
9.41916
13.7306
20.5177
26
35.0173
44.0475
54.3234
64.1655
75.4362
88.4891
93.9161
112.488
117.97
138.93
143.191
152.975
163.925
176.488
188.829
197.442
211.628
199.615
225.407
218.777
227.221
240.635
249.662
246.811
260.224
248.103
255.08
263.676
255.404
270.15
277.818
270.89
270.221
261.105
269.957
279.445
276.069
278.469
275.297
273.025
279.771
276.457
275.977
272.593
271.487
275.236
274.34
266.078
267.756
258.894
268.838
271.891
262.802
257.029
254.536
261.799
255.78
254.176
250.322
249.384
247.329
241.895
247.331
245.121
242.839
237.265
237.41
235.657
234.744
229.972
225.6
229.084
226.927
223.724
225.901
223.649
221.772
215.034
215.978
220.821
213.914
207.523
207.352
204.013
209.829
200.312
204.045
202.23
201.371
200.454
195.421
189.796
189.583
191.187
186.588
187.075
189.735
186.453
182.507
185.874
184.226
177.632
177.968
175.637
176.433
173.845
171.546
168.373
168.017
168.288
165.191
168.167
164.561
160.701
159.471
159.734
157.09
157.201
156.15
156.04
155.02
150.382
149.596
151.813
150.278
147.272
146.262
144.786
145.317
143.064
141.696
142.409
141.759
142.892
138.009
137.334
137.712
132.756
133.281
132.632
133.665
132.477
130.702
131.091
130.26
127.363
126.87
124.736
125.296
125.607
121.931
123.809
120.644
121.794
119.478
120.447
118.532
116.571
115.9
115.732
114.461
114.612
114.253
113.473
112.243
111.819
108.811
109.85
109.078
106.845
106.903
108.19
105.774
104.158
104.254
105.877
103.212
101.847
102.2
100.762
100.562
99.6588
100.423
98.2358
98.1573
97.4908
96.8159
97.0297
95.3851
96.4123
95.1528
93.738
93.6575
91.9701
92.5957
91.6368
91.6685
91.3827
89.2595
89.9955
90.1669
87.8053
87.4816
87.6465
85.8763
86.1139
85.4684
84.2228
84.0582
84.7106
84.0584
83.3198
82.3765
82.2763
81.1445
81.6739
80.7219
79.5566
80.2604
78.9836
78.3516
78.6372
78.312
78.1954
77.75
76.8003
76.3523
75.3421
75.636
75.1849
74.2022
74.6951
73.6251
73.299
72.5724
72.0131
71.766
72.5075
71.2385
70.3795
70.4211
70.3835
69.7613
69.6681
68.487
68.8997
68.4038
68.0643
67.3198
66.4833
67.3643
66.7353
65.8545
65.6713
65.8333
64.7031
65.4475
65.0748
64.4181
63.4755
63.6112
63.265
63.1314
62.4959
61.8875
62.0241
61.7052
61.4538
61
60.8198
59.9898
59.951
59.3502
59.6299
59.2972
58.8728
58.2039
58.3311
58.0781
57.4178
56.8759
56.8608
57.0026
56.1897
55.9419
55.8754
55.7654
55.1279
55.272
54.3227
53.9945
54.09
53.9853
53.4539
53.0731
52.4327
53.1331
51.8292
52.2646
51.9718
51.7493
51.2843
51.4928
50.8306
50.3856
50.1872
49.7005
49.4088
49.7567
49.1458
48.789
48.2632
48.6736
48.5231
47.6464
47.9475
47.4393
47.5422
47.0661
47.3012
46.6911
46.7668
46.0764
46.0017
45.827
45.4433
45.2312
45.2504
45.4208
45.1766
44.6646
44.4402
44.2847
43.9265
44.0109
43.8962
43.5215
43.8169
43.4836
43.27
42.9471
43.1734
42.8589
42.8285
42.3699
42.5291
42.1473
42.1247
41.9042
41.6337
41.6133
41.6589
41.4992
41.1685
41.1046
40.7521
40.7668
40.6171
40.0455
40.231
40.1764
39.9677
39.5998
39.6621
39.2855
39.2002
38.9459
38.8276
38.7835
38.4777
38.1812
38.0538
37.9694
37.4064
37.3769
37.2044
36.7052
36.7205
36.1975
35.9174
35.7664
35.4
35.1745
34.677
34.3598
34.128
33.6553
33.3935
32.9983
32.5934
32.149
31.8157
31.5692
31.1011
30.7654
30.3653
30.0156
29.5814
29.2664
28.8227
28.4646
28.1552
27.6312
27.3865
27.0116
26.5608
26.2903
26.0431
25.7586
25.4579
25.3165
25.1396
24.9372
24.8599
24.7044
24.7853
24.7326
24.7498
24.86
25.1299
25.3792
25.7207
26.2466
26.742
27.4053
28.1433
29
30
