1
2
3.67949
6.29878
10.1183
16.0844
22.7372
35.2657
48.6313
64.3248
85.3338
100.217
135.503
150.105
187.128
212.513
260
288.579
325.799
392.514
416.389
474.212
522.629
557.542
665.404
654.811
668.184
710.078
749.749
821.223
859.73
884.64
908.193
908.315
1058.03
1058.45
1076.52
1049.38
1094.96
1211.97
1175.16
1132.66
1205.16
1254.82
1273.3
1254.32
1241.55
1365.8
1316.39
1320.52
1320.31
1256.19
1347.92
1293.29
1348.44
1278.85
1357.78
1373.03
1398.51
1345.99
1341.99
1381.58
1279.61
1351.41
1348.11
1354.59
1321.99
1274.31
1296.74
1371.53
1276.07
1311.77
1304.24
1269.67
1297.31
1291.46
1207.52
1194.33
1238
1291.35
1181.12
1205.17
1193.59
1180.2
1167.09
1166.08
1151.82
1106.58
1193.29
1141.52
1095.18
1164.39
1078.21
1118.16
1091.19
1087.28
1086.8
1039.36
1059.28
1025.56
1086.68
1029.3
1016.91
999.113
1056.56
991.414
973.853
980.502
978.465
979.776
932.489
940.034
945.178
945.067
902.072
906.358
914.835
900.715
898.93
891.578
894.743
868.856
859.576
887.784
832.198
852.199
847.802
833.42
836.552
824.076
813.901
803.193
809.129
776.588
776.44
762.855
757.973
739.92
762.543
745.754
739.344
728.048
714.647
718.977
732.596
698.268
716.312
707.92
689.964
691.135
707.9
691.053
660.137
654.572
634.912
654.631
641.25
662.401
649.518
631.542
638.644
624.14
633.493
637.219
613.012
589.865
601.857
579.115
578.994
589.068
592.723
586.622
575.932
562.612
577.565
563.821
553.685
553.018
550.22
543.034
538.334
543.133
519.829
524.217
524.812
513.253
517.225
508.197
497.271
501.522
493.897
506.292
489.913
493.273
470.368
496.148
485.146
468.708
472.938
480.486
458.032
452.144
463.408
452.213
462.058
453.753
441.885
440.126
441.579
437.472
441.603
433.469
434.254
425.534
419.216
417.276
419.904
416.02
419.353
412.022
408.145
409.53
397.7
399.71
393.592
392.551
392.644
385.022
384.152
383.866
376.527
375.447
373.824
375.425
376.151
370.973
363.258
363.11
366.453
359.322
357.029
357.92
354
351.587
347.028
352.491
349.546
345.83
342.449
337.82
335.963
332.315
333.559
330.846
331.128
331.051
319.595
323.401
322.763
321.189
311.167
318.65
312.83
307.772
312.632
308.467
306.775
302.29
300.383
300.943
298.864
297.551
293.964
294.066
294.22
287.193
288.077
287.175
287.938
285.029
286.924
278.074
277.88
274.978
274.256
271.053
271.905
268.226
273.886
267.19
263.905
262.787
267.938
262.336
257.323
258.655
260.376
254.231
257.245
251.961
252.086
252.444
248.193
245.688
245.212
251.623
242.243
246.728
244.428
245.145
239.934
239.287
236.072
234.926
236.351
238.679
235.522
232.932
229.122
228.906
224.309
224.002
226.627
226.032
227.422
222.182
221.368
219.786
225.099
221.176
216.954
219.711
214.787
215.896
211.724
212.21
208.239
211.804
208.948
208.847
208.139
203.883
204.549
203.924
200.002
200.874
202.693
196.851
201.966
197.702
195.208
195.44
196.705
195.219
191.058
191.858
190.835
192
190.947
191.795
185.564
186.057
184.993
184.465
185.947
184.842
183.19
182.589
181.171
179.73
181.002
179.051
176.044
175.247
175.176
177.618
174.477
172.848
174.533
169.498
170.591
173.538
171.803
169.133
170.662
169.274
165.976
164.413
166.979
165.911
162.811
162.357
163.669
163.482
161.423
159.457
160.656
157.913
157.752
161.339
157.21
154.176
156.724
155.519
152.942
153.968
153.091
152.486
154.259
149.764
153.539
150.057
149.508
148.41
146.634
147.193
147.502
146.479
144.823
143.774
145.385
141.957
144.351
143.75
141.139
141.933
140.662
139.498
139.596
140.233
137.352
138.69
137.178
134.528
136.32
135.798
135.384
135.058
132.969
135.438
131.92
132.764
130.976
131.847
129.623
131.623
129.637
129.064
128.58
127.988
128.101
127.34
125.052
124.956
126.36
125.301
125.248
124.332
124.926
121.803
122.677
122.688
122.576
120.191
121.986
122.452
121.335
119.609
118.972
118.107
118.117
117.736
116.774
116.481
115.953
116.123
116.399
115.696
114.276
113.934
114.72
113.068
113.114
113.196
113.135
110.607
111.571
111.326
110.233
110.585
109.605
108.954
108.927
108.153
108.141
107.575
107.925
106.335
106.878
105.594
105.914
105.473
104.759
104.215
103.726
104.905
102.994
103.138
102.329
101.349
101.649
102.195
101.182
100.71
101.212
99.7242
100.386
98.5354
99.3239
99.8105
98.0314
98.683
96.8297
97.5991
95.8708
96.2582
96.4579
95.8462
94.9582
95.6977
94.6566
94.978
92.7906
93.2393
92.2624
93.6186
92.5224
93.0354
91.8533
92.0503
91.4115
91.2901
90.706
90.1895
89.7511
90.1738
88.9171
88.8601
88.5227
88.611
88.9816
87.0426
87.9254
86.9685
87.5646
86.2481
86.2598
86.5316
85.289
85.5747
84.4632
84.6525
84.409
83.8492
84.3242
82.6407
82.9248
81.931
82.2396
81.8921
80.8849
81.1963
81.2396
80.0362
80.0106
79.7245
79.6173
79.0603
78.9486
78.8837
78.2064
77.3888
77.6972
77.6535
77.3079
76.6916
76.2504
76.4303
76.842
75.605
75.9924
75.5805
74.6799
74.6165
74.8188
74.4274
74.1144
73.2029
73.1733
72.7617
73.241
72.1747
72.2603
72.6615
71.9198
71.6115
71.6645
70.9416
70.6927
70.0994
70.3093
69.6053
70.1274
69.6802
69.7388
68.9773
69.3875
68.6719
68.8807
68.4868
68.092
68.0281
67.4818
67.7592
67.3194
67.6642
66.684
66.7628
67.1477
66.1419
65.9188
65.894
66.1192
65.8253
65.5964
65.2551
65.3328
64.9606
64.5988
65.2319
64.6807
64.2972
64.028
63.9848
64.1026
64.0358
63.6698
64.2922
63.5055
63.2178
63.2155
63.0593
62.7761
62.515
62.0873
62.3364
62.2621
61.9003
61.5008
61.6522
61.7032
61.4498
61.6626
61.0475
60.7581
60.8901
60.5248
60.2912
60.5847
60.1594
60.234
59.5511
59.7769
59.6119
59.8882
59.5299
59.1322
59.6135
58.8935
58.5395
58.5107
58.3767
58.2329
57.8331
57.7422
57.661
57.6239
57.5776
57.3248
57.1156
56.7463
56.6953
56.4718
56.2292
55.9884
55.3898
55.1481
54.9281
54.739
54.5956
54.5667
54.1576
54.0637
54.0871
53.4466
53.0193
52.9344
52.7332
52.1002
52.0181
51.7085
51.3078
50.992
50.6368
50.2099
49.886
49.4149
49.0863
49.1412
48.3619
48.2508
48.0296
47.4269
47.1945
46.8183
46.1982
45.9247
45.7943
45.0332
44.7217
44.3432
43.8919
43.5946
43.0303
42.5242
42.2304
41.7978
41.341
41.0955
40.6149
40.0015
39.7122
39.315
38.7515
38.4414
37.9795
37.5816
37.2484
36.8272
36.3276
35.9788
35.7817
35.2771
35.076
34.8571
34.4471
34.3554
34.207
33.9821
33.6325
33.3122
33.2231
33.1548
33.108
33.0427
33.1019
33.2379
33.2496
33.3411
33.5754
33.7663
34.1404
34.4865
34.8631
35.3797
35.9813
36.6527
37.2438
38.0357
39
40
